{
  "depot": {
    "x": 0,
    "y": 0,
    "location_index": 0
  },
  "vehicle": {
    "capacity": 109
  },
  "events": [
    {
      "id": 1,
      "x": 40,
      "y": 34,
      "location_index": 1,
      "capacity": 12,
      "type": "delivery"
    },
    {
      "id": 2,
      "x": 13,
      "y": 0,
      "location_index": 2,
      "capacity": 14,
      "type": "delivery"
    },
    {
      "id": 3,
      "x": 40,
      "y": 42,
      "location_index": 3,
      "capacity": 34,
      "type": "delivery"
    },
    {
      "id": 4,
      "x": 72,
      "y": 32,
      "location_index": 4,
      "capacity": 26,
      "type": "delivery"
    },
    {
      "id": 5,
      "x": 22,
      "y": 40,
      "location_index": 5,
      "capacity": 20,
      "type": "delivery"
    },
    {
      "id": 6,
      "x": 77,
      "y": 87,
      "location_index": 6,
      "capacity": 26,
      "type": "pickup"
    },
    {
      "id": 7,
      "x": 47,
      "y": 83,
      "location_index": 7,
      "capacity": 36,
      "type": "pickup"
    },
    {
      "id": 8,
      "x": 88,
      "y": 50,
      "location_index": 8,
      "capacity": 18,
      "type": "pickup"
    },
    {
      "id": 9,
      "x": 84,
      "y": 71,
      "location_index": 9,
      "capacity": 17,
      "type": "pickup"
    },
    {
      "id": 10,
      "x": 28,
      "y": 45,
      "location_index": 10,
      "capacity": 12,
      "type": "pickup"
    }
  ],
  "distance_matrix": [
    [
      0,
      52,
      13,
      58,
      78,
      45,
      116,
      95,
      101,
      109,
      53
    ],
    [
      52,
      0,
      43,
      8,
      32,
      18,
      64,
      49,
      50,
      57,
      16
    ],
    [
      13,
      43,
      0,
      49,
      67,
      41,
      108,
      89,
      90,
      100,
      47
    ],
    [
      58,
      8,
      49,
      0,
      33,
      18,
      58,
      41,
      48,
      52,
      12
    ],
    [
      78,
      32,
      67,
      33,
      0,
      50,
      55,
      56,
      24,
      40,
      45
    ],
    [
      45,
      18,
      41,
      18,
      50,
      0,
      72,
      49,
      66,
      69,
      7
    ],
    [
      116,
      64,
      108,
      58,
      55,
      72,
      0,
      30,
      38,
      17,
      64
    ],
    [
      95,
      49,
      89,
      41,
      56,
      49,
      30,
      0,
      52,
      38,
      42
    ],
    [
      101,
      50,
      90,
      48,
      24,
      66,
      38,
      52,
      0,
      21,
      60
    ],
    [
      109,
      57,
      100,
      52,
      40,
      69,
      17,
      38,
      21,
      0,
      61
    ],
    [
      53,
      16,
      47,
      12,
      45,
      7,
      64,
      42,
      60,
      61,
      0
    ]
  ]
}