{
  "depot": {
    "x": 0,
    "y": 0,
    "location_index": 0
  },
  "vehicle": {
    "capacity": 320
  },
  "events": [
    {
      "id": 1,
      "x": 81,
      "y": 93,
      "location_index": 1,
      "capacity": 44,
      "type": "delivery"
    },
    {
      "id": 2,
      "x": 41,
      "y": 48,
      "location_index": 2,
      "capacity": 45,
      "type": "delivery"
    },
    {
      "id": 3,
      "x": 45,
      "y": 42,
      "location_index": 3,
      "capacity": 15,
      "type": "delivery"
    },
    {
      "id": 4,
      "x": 48,
      "y": 43,
      "location_index": 4,
      "capacity": 46,
      "type": "delivery"
    },
    {
      "id": 5,
      "x": 47,
      "y": 67,
      "location_index": 5,
      "capacity": 18,
      "type": "delivery"
    },
    {
      "id": 6,
      "x": 68,
      "y": 96,
      "location_index": 6,
      "capacity": 44,
      "type": "delivery"
    },
    {
      "id": 7,
      "x": 20,
      "y": 33,
      "location_index": 7,
      "capacity": 21,
      "type": "delivery"
    },
    {
      "id": 8,
      "x": 83,
      "y": 72,
      "location_index": 8,
      "capacity": 29,
      "type": "delivery"
    },
    {
      "id": 9,
      "x": 36,
      "y": 90,
      "location_index": 9,
      "capacity": 16,
      "type": "delivery"
    },
    {
      "id": 10,
      "x": 31,
      "y": 10,
      "location_index": 10,
      "capacity": 42,
      "type": "delivery"
    },
    {
      "id": 11,
      "x": 5,
      "y": 96,
      "location_index": 11,
      "capacity": 14,
      "type": "pickup"
    },
    {
      "id": 12,
      "x": 5,
      "y": 37,
      "location_index": 12,
      "capacity": 21,
      "type": "pickup"
    },
    {
      "id": 13,
      "x": 48,
      "y": 5,
      "location_index": 13,
      "capacity": 24,
      "type": "pickup"
    },
    {
      "id": 14,
      "x": 27,
      "y": 35,
      "location_index": 14,
      "capacity": 42,
      "type": "pickup"
    },
    {
      "id": 15,
      "x": 67,
      "y": 97,
      "location_index": 15,
      "capacity": 39,
      "type": "pickup"
    }
  ],
  "distance_matrix": [
    [
      0,
      123,
      63,
      61,
      64,
      81,
      117,
      38,
      109,
      96,
      32,
      96,
      37,
      48,
      44,
      117
    ],
    [
      123,
      0,
      60,
      62,
      59,
      42,
      13,
      85,
      21,
      45,
      96,
      76,
      94,
      93,
      79,
      14
    ],
    [
      63,
      60,
      0,
      7,
      8,
      19,
      55,
      25,
      48,
      42,
      39,
      60,
      37,
      43,
      19,
      55
    ],
    [
      61,
      62,
      7,
      0,
      3,
      25,
      58,
      26,
      48,
      48,
      34,
      67,
      40,
      37,
      19,
      59
    ],
    [
      64,
      59,
      8,
      3,
      0,
      24,
      56,
      29,
      45,
      48,
      37,
      68,
      43,
      38,
      22,
      57
    ],
    [
      81,
      42,
      19,
      25,
      24,
      0,
      35,
      43,
      36,
      25,
      59,
      51,
      51,
      62,
      37,
      36
    ],
    [
      117,
      13,
      55,
      58,
      56,
      35,
      0,
      79,
      28,
      32,
      93,
      63,
      86,
      93,
      73,
      1
    ],
    [
      38,
      85,
      25,
      26,
      29,
      43,
      79,
      0,
      74,
      59,
      25,
      64,
      15,
      39,
      7,
      79
    ],
    [
      109,
      21,
      48,
      48,
      45,
      36,
      28,
      74,
      0,
      50,
      80,
      81,
      85,
      75,
      67,
      29
    ],
    [
      96,
      45,
      42,
      48,
      48,
      25,
      32,
      59,
      50,
      0,
      80,
      31,
      61,
      85,
      55,
      31
    ],
    [
      32,
      96,
      39,
      34,
      37,
      59,
      93,
      25,
      80,
      80,
      0,
      89,
      37,
      17,
      25,
      94
    ],
    [
      96,
      76,
      60,
      67,
      68,
      51,
      63,
      64,
      81,
      31,
      89,
      0,
      59,
      100,
      64,
      62
    ],
    [
      37,
      94,
      37,
      40,
      43,
      51,
      86,
      15,
      85,
      61,
      37,
      59,
      0,
      53,
      22,
      86
    ],
    [
      48,
      93,
      43,
      37,
      38,
      62,
      93,
      39,
      75,
      85,
      17,
      100,
      53,
      0,
      36,
      93
    ],
    [
      44,
      79,
      19,
      19,
      22,
      37,
      73,
      7,
      67,
      55,
      25,
      64,
      22,
      36,
      0,
      73
    ],
    [
      117,
      14,
      55,
      59,
      57,
      36,
      1,
      79,
      29,
      31,
      94,
      62,
      86,
      93,
      73,
      0
    ]
  ]
}