{
  "depot": {
    "x": 0,
    "y": 0,
    "location_index": 0
  },
  "vehicle": {
    "capacity": 345
  },
  "events": [
    {
      "id": 1,
      "x": 3,
      "y": 12,
      "location_index": 1,
      "capacity": 36,
      "type": "delivery"
    },
    {
      "id": 2,
      "x": 65,
      "y": 8,
      "location_index": 2,
      "capacity": 27,
      "type": "delivery"
    },
    {
      "id": 3,
      "x": 14,
      "y": 72,
      "location_index": 3,
      "capacity": 41,
      "type": "delivery"
    },
    {
      "id": 4,
      "x": 61,
      "y": 44,
      "location_index": 4,
      "capacity": 25,
      "type": "delivery"
    },
    {
      "id": 5,
      "x": 63,
      "y": 31,
      "location_index": 5,
      "capacity": 46,
      "type": "delivery"
    },
    {
      "id": 6,
      "x": 39,
      "y": 10,
      "location_index": 6,
      "capacity": 32,
      "type": "delivery"
    },
    {
      "id": 7,
      "x": 96,
      "y": 20,
      "location_index": 7,
      "capacity": 44,
      "type": "delivery"
    },
    {
      "id": 8,
      "x": 59,
      "y": 13,
      "location_index": 8,
      "capacity": 20,
      "type": "delivery"
    },
    {
      "id": 9,
      "x": 21,
      "y": 34,
      "location_index": 9,
      "capacity": 35,
      "type": "delivery"
    },
    {
      "id": 10,
      "x": 36,
      "y": 77,
      "location_index": 10,
      "capacity": 39,
      "type": "delivery"
    },
    {
      "id": 11,
      "x": 96,
      "y": 82,
      "location_index": 11,
      "capacity": 28,
      "type": "pickup"
    },
    {
      "id": 12,
      "x": 79,
      "y": 51,
      "location_index": 12,
      "capacity": 46,
      "type": "pickup"
    },
    {
      "id": 13,
      "x": 54,
      "y": 75,
      "location_index": 13,
      "capacity": 40,
      "type": "pickup"
    },
    {
      "id": 14,
      "x": 95,
      "y": 9,
      "location_index": 14,
      "capacity": 14,
      "type": "pickup"
    },
    {
      "id": 15,
      "x": 52,
      "y": 21,
      "location_index": 15,
      "capacity": 38,
      "type": "pickup"
    }
  ],
  "distance_matrix": [
    [
      0,
      12,
      65,
      73,
      75,
      70,
      40,
      98,
      60,
      39,
      85,
      126,
      94,
      92,
      95,
      56
    ],
    [
      12,
      0,
      62,
      61,
      66,
      62,
      36,
      93,
      56,
      28,
      72,
      116,
      85,
      81,
      92,
      49
    ],
    [
      65,
      62,
      0,
      81,
      36,
      23,
      26,
      33,
      7,
      51,
      74,
      80,
      45,
      67,
      30,
      18
    ],
    [
      73,
      61,
      81,
      0,
      54,
      63,
      66,
      97,
      74,
      38,
      22,
      82,
      68,
      40,
      102,
      63
    ],
    [
      75,
      66,
      36,
      54,
      0,
      13,
      40,
      42,
      31,
      41,
      41,
      51,
      19,
      31,
      48,
      24
    ],
    [
      70,
      62,
      23,
      63,
      13,
      0,
      31,
      34,
      18,
      42,
      53,
      60,
      25,
      44,
      38,
      14
    ],
    [
      40,
      36,
      26,
      66,
      40,
      31,
      0,
      57,
      20,
      30,
      67,
      91,
      57,
      66,
      56,
      17
    ],
    [
      98,
      93,
      33,
      97,
      42,
      34,
      57,
      0,
      37,
      76,
      82,
      62,
      35,
      69,
      11,
      44
    ],
    [
      60,
      56,
      7,
      74,
      31,
      18,
      20,
      37,
      0,
      43,
      68,
      78,
      42,
      62,
      36,
      10
    ],
    [
      39,
      28,
      51,
      38,
      41,
      42,
      30,
      76,
      43,
      0,
      45,
      89,
      60,
      52,
      78,
      33
    ],
    [
      85,
      72,
      74,
      22,
      41,
      53,
      67,
      82,
      68,
      45,
      0,
      60,
      50,
      18,
      90,
      58
    ],
    [
      126,
      116,
      80,
      82,
      51,
      60,
      91,
      62,
      78,
      89,
      60,
      0,
      35,
      42,
      73,
      75
    ],
    [
      94,
      85,
      45,
      68,
      19,
      25,
      57,
      35,
      42,
      60,
      50,
      35,
      0,
      34,
      44,
      40
    ],
    [
      92,
      81,
      67,
      40,
      31,
      44,
      66,
      69,
      62,
      52,
      18,
      42,
      34,
      0,
      77,
      54
    ],
    [
      95,
      92,
      30,
      102,
      48,
      38,
      56,
      11,
      36,
      78,
      90,
      73,
      44,
      77,
      0,
      44
    ],
    [
      56,
      49,
      18,
      63,
      24,
      14,
      17,
      44,
      10,
      33,
      58,
      75,
      40,
      54,
      44,
      0
    ]
  ]
}