{
  "depot": {
    "x": 0,
    "y": 0,
    "location_index": 0
  },
  "vehicle": {
    "capacity": 257
  },
  "events": [
    {
      "id": 1,
      "x": 46,
      "y": 100,
      "location_index": 1,
      "capacity": 13,
      "type": "delivery"
    },
    {
      "id": 2,
      "x": 60,
      "y": 26,
      "location_index": 2,
      "capacity": 17,
      "type": "delivery"
    },
    {
      "id": 3,
      "x": 13,
      "y": 0,
      "location_index": 3,
      "capacity": 39,
      "type": "delivery"
    },
    {
      "id": 4,
      "x": 47,
      "y": 43,
      "location_index": 4,
      "capacity": 34,
      "type": "delivery"
    },
    {
      "id": 5,
      "x": 14,
      "y": 58,
      "location_index": 5,
      "capacity": 19,
      "type": "delivery"
    },
    {
      "id": 6,
      "x": 49,
      "y": 26,
      "location_index": 6,
      "capacity": 30,
      "type": "delivery"
    },
    {
      "id": 7,
      "x": 64,
      "y": 0,
      "location_index": 7,
      "capacity": 10,
      "type": "delivery"
    },
    {
      "id": 8,
      "x": 16,
      "y": 3,
      "location_index": 8,
      "capacity": 43,
      "type": "delivery"
    },
    {
      "id": 9,
      "x": 64,
      "y": 95,
      "location_index": 9,
      "capacity": 12,
      "type": "delivery"
    },
    {
      "id": 10,
      "x": 7,
      "y": 22,
      "location_index": 10,
      "capacity": 40,
      "type": "delivery"
    },
    {
      "id": 11,
      "x": 69,
      "y": 57,
      "location_index": 11,
      "capacity": 45,
      "type": "pickup"
    },
    {
      "id": 12,
      "x": 28,
      "y": 83,
      "location_index": 12,
      "capacity": 17,
      "type": "pickup"
    },
    {
      "id": 13,
      "x": 54,
      "y": 77,
      "location_index": 13,
      "capacity": 48,
      "type": "pickup"
    },
    {
      "id": 14,
      "x": 96,
      "y": 74,
      "location_index": 14,
      "capacity": 32,
      "type": "pickup"
    },
    {
      "id": 15,
      "x": 63,
      "y": 71,
      "location_index": 15,
      "capacity": 34,
      "type": "pickup"
    }
  ],
  "distance_matrix": [
    [
      0,
      110,
      65,
      13,
      63,
      59,
      55,
      64,
      16,
      114,
      23,
      89,
      87,
      94,
      121,
      94
    ],
    [
      110,
      0,
      75,
      105,
      57,
      52,
      74,
      101,
      101,
      18,
      87,
      48,
      24,
      24,
      56,
      33
    ],
    [
      65,
      75,
      0,
      53,
      21,
      56,
      11,
      26,
      49,
      69,
      53,
      32,
      65,
      51,
      60,
      45
    ],
    [
      13,
      105,
      53,
      0,
      54,
      58,
      44,
      51,
      4,
      107,
      22,
      79,
      84,
      87,
      111,
      86
    ],
    [
      63,
      57,
      21,
      54,
      0,
      36,
      17,
      46,
      50,
      54,
      45,
      26,
      44,
      34,
      57,
      32
    ],
    [
      59,
      52,
      56,
      58,
      36,
      0,
      47,
      76,
      55,
      62,
      36,
      55,
      28,
      44,
      83,
      50
    ],
    [
      55,
      74,
      11,
      44,
      17,
      47,
      0,
      30,
      40,
      70,
      42,
      36,
      60,
      51,
      67,
      47
    ],
    [
      64,
      101,
      26,
      51,
      46,
      76,
      30,
      0,
      48,
      95,
      61,
      57,
      90,
      77,
      80,
      71
    ],
    [
      16,
      101,
      49,
      4,
      50,
      55,
      40,
      48,
      0,
      103,
      21,
      75,
      80,
      83,
      106,
      82
    ],
    [
      114,
      18,
      69,
      107,
      54,
      62,
      70,
      95,
      103,
      0,
      92,
      38,
      37,
      20,
      38,
      24
    ],
    [
      23,
      87,
      53,
      22,
      45,
      36,
      42,
      61,
      21,
      92,
      0,
      71,
      64,
      72,
      103,
      74
    ],
    [
      89,
      48,
      32,
      79,
      26,
      55,
      36,
      57,
      75,
      38,
      71,
      0,
      48,
      25,
      31,
      15
    ],
    [
      87,
      24,
      65,
      84,
      44,
      28,
      60,
      90,
      80,
      37,
      64,
      48,
      0,
      26,
      68,
      37
    ],
    [
      94,
      24,
      51,
      87,
      34,
      44,
      51,
      77,
      83,
      20,
      72,
      25,
      26,
      0,
      42,
      10
    ],
    [
      121,
      56,
      60,
      111,
      57,
      83,
      67,
      80,
      106,
      38,
      103,
      31,
      68,
      42,
      0,
      33
    ],
    [
      94,
      33,
      45,
      86,
      32,
      50,
      47,
      71,
      82,
      24,
      74,
      15,
      37,
      10,
      33,
      0
    ]
  ]
}